1 0.814478 0.719062 0.371044 0.401074
1 0.565987 0.585191 0.121705 0.174558
1 0.619888 0.635254 0.155807 0.195354
1 0.228581 0.601807 0.0918859 0.114194
1 0.308585 0.585189 0.0487911 0.0633842
1 0.500849 0.584097 0.0489134 0.109124
1 0.128549 0.632436 0.162647 0.164781
1 0.0570999 0.666661 0.1142 0.214299
1 0.341664 0.577731 0.0271302 0.0479647
1 0.386973 0.552768 0.0242487 0.0418763
1 0.370512 0.568789 0.0222881 0.0404399
1 0.36051 0.573399 0.0212937 0.0424683
1 0.475901 0.573172 0.0434931 0.0942965
