1 0.759344 0.624413 0.14937 0.148541
1 0.193947 0.625937 0.386591 0.686326
1 0.359694 0.596157 0.126245 0.25038
1 0.92957 0.652903 0.140859 0.369995
1 0.43363 0.57492 0.076096 0.123016
1 0.625874 0.577406 0.0369077 0.0864707
1 0.596903 0.566031 0.0374413 0.059402
1 0.669076 0.583919 0.0864639 0.117604
1 0.532581 0.566826 0.0260629 0.0444312
1 0.474857 0.575322 0.0221152 0.0621117
1 0.554543 0.5643 0.0177951 0.0276831
1 0.505815 0.557844 0.0174713 0.0274826
1 0.491978 0.565785 0.0194869 0.0454633
1 0.571861 0.566564 0.0190966 0.0465729
