1 0.864911 0.470119 0.268948 0.32937
1 0.655601 0.354861 0.132673 0.150429
1 0.575247 0.314139 0.0623104 0.0800413
1 0.528593 0.290735 0.0433736 0.062987
1 0.267207 0.298237 0.0507703 0.0330355
1 0.474929 0.430668 0.161489 0.241338
1 0.329202 0.282377 0.0319305 0.0337736
1 0.458687 0.297834 0.0502242 0.0420904
1 0.504006 0.284896 0.0191741 0.0442638
1 0.36227 0.269873 0.0229647 0.0327316
1 0.348877 0.278039 0.0199809 0.0269184
1 0.443722 0.274689 0.0342841 0.0415845
1 0.442657 0.265268 0.0294381 0.0268051
1 0.346695 0.26485 0.020829 0.0235048
1 0.488188 0.264038 0.0178369 0.0207326
1 0.387542 0.263743 0.0146164 0.0215638
1 0.407584 0.263265 0.012767 0.0185057
1 0.487886 0.271791 0.0201103 0.0292704
1 0.383956 0.268228 0.0188307 0.0235615
