1 0.139432 0.56534 0.27704 0.264479
1 0.81177 0.55385 0.215052 0.204812
1 0.29412 0.496816 0.13195 0.17099
1 0.698174 0.520544 0.101465 0.138347
1 0.400503 0.495971 0.0470518 0.0564615
1 0.638881 0.503699 0.0656493 0.10403
1 0.56192 0.479194 0.0295682 0.0509186
1 0.539176 0.472264 0.0200996 0.0360537
1 0.602786 0.491593 0.0434863 0.0834239
1 0.458957 0.471617 0.016216 0.028916
1 0.57897 0.485196 0.025971 0.0570718
1 0.424959 0.477906 0.0254635 0.0426713
1 0.441818 0.473581 0.0181661 0.0356867
1 0.932422 0.607544 0.134618 0.269712
1 0.449923 0.472547 0.0186971 0.0341333
